timestamp,symbol,price
2017-04-03 09:00:00,AAPL,143.85
2017-04-03 09:00:00,ABBV,65.45
2017-04-03 09:00:00,ADBE,130.28
2017-04-03 09:00:00,ADI,81.86
2017-04-03 09:00:00,AEP,66.92
2017-04-03 09:00:00,AIG,62.2
2017-04-03 09:00:00,ALL,81.67
2017-04-03 09:00:00,AMAT,38.89
2017-04-03 09:00:00,AMC,31.7
2017-04-03 09:00:00,AMD,14.51
2017-04-03 09:00:00,AMGN,164.32
2017-04-03 09:00:00,AMP,129.25
2017-04-03 09:00:00,AMT,121.63
2017-04-03 09:00:00,AMZN,890.29
2017-04-03 09:00:00,APA,51.41
2017-04-03 09:00:00,ARE,110.21
2017-04-03 09:00:00,ASML,132.37
2017-04-03 09:00:00,AVB,182.84
2017-04-03 09:00:00,AVGO,219.08
2017-04-03 09:00:00,AWK,77.35
2017-04-03 09:00:00,AXP,78.85
2017-04-03 09:00:00,BA,177.38
2017-04-03 09:00:00,BAC,23.41
2017-04-03 09:00:00,BB,7.56
2017-04-03 09:00:00,BEN,42.15
2017-04-03 09:00:00,BIIB,274.08
2017-04-03 09:00:00,BK,47.03
2017-04-03 09:00:00,BLK,383.14
2017-04-03 09:00:00,BMY,54.86
2017-04-03 09:00:00,C,59.4
2017-04-03 09:00:00,CAG,40.52
2017-04-03 09:00:00,CAT,92.24
2017-04-03 09:00:00,CB,136.48
2017-04-03 09:00:00,CCI,94.34
2017-04-03 09:00:00,CFG,34.66
2017-04-03 09:00:00,CHD,50.05
2017-04-03 09:00:00,CI,149.89
2017-04-03 09:00:00,CINF,72.36
2017-04-03 09:00:00,CL,73.2
2017-04-03 09:00:00,CLX,135.4
2017-04-03 09:00:00,CMCSA,37.77
2017-04-03 09:00:00,CME,118.36
2017-04-03 09:00:00,CMI,150.7
2017-04-03 09:00:00,COF,85.949
2017-04-03 09:00:00,COP,49.62
2017-04-03 09:00:00,COST,167.83
2017-04-03 09:00:00,CPB,57.0
2017-04-03 09:00:00,CRM,82.78
2017-04-03 09:00:00,CSCO,33.77
2017-04-03 09:00:00,CSX,46.9
2017-04-03 09:00:00,CTRA,23.94
2017-04-03 09:00:00,CVS,78.4561
2017-04-03 09:00:00,CVX,107.32
2017-04-03 09:00:00,D,77.38
2017-04-03 09:00:00,DE,108.6
2017-04-03 09:00:00,DIS,113.46
2017-04-03 09:00:00,DLR,105.96
2017-04-03 09:00:00,DUK,81.869
2017-04-03 09:00:00,DVN,41.58
2017-04-03 09:00:00,ED,77.51
2017-04-03 09:00:00,EMR,60.0099
2017-04-03 09:00:00,EOG,97.27
2017-04-03 09:00:00,EQR,61.94
2017-04-03 09:00:00,EQT,61.13
2017-04-03 09:00:00,ESS,231.08
2017-04-03 09:00:00,ETN,74.24
2017-04-03 09:00:00,EWBC,51.35
2017-04-03 09:00:00,FANG,103.19
2017-04-03 09:00:00,FDX,197.16
2017-04-03 09:00:00,FHN,18.43
2017-04-03 09:00:00,FITB,25.29
2017-04-03 09:00:00,GD,187.74
2017-04-03 09:00:00,GE,29.875
2017-04-03 09:00:00,GILD,67.96
2017-04-03 09:00:00,GIS,58.945
2017-04-03 09:00:00,GME,22.2
2017-04-03 09:00:00,GOOGL,852.99
2017-04-03 09:00:00,GS,228.41
2017-04-03 09:00:00,HAL,49.11
2017-04-03 09:00:00,HBAN,13.33
2017-04-03 09:00:00,HIG,48.0
2017-04-03 09:00:00,HON,125.04
2017-04-03 09:00:00,HRL,34.7
2017-04-03 09:00:00,HSY,109.18
2017-04-03 09:00:00,HUM,209.93
2017-04-03 09:00:00,IBM,174.17
2017-04-03 09:00:00,ICE,301.228783961
2017-04-03 09:00:00,INTC,36.43
2017-04-03 09:00:00,ITW,132.39
2017-04-03 09:00:00,IVZ,30.55
2017-04-03 09:00:00,JNJ,125.05
2017-04-03 09:00:00,JPM,87.4
2017-04-03 09:00:00,KEY,17.6803
2017-04-03 09:00:00,KHC,90.84
2017-04-03 09:00:00,KLAC,95.13
2017-04-03 09:00:00,KMB,132.02
2017-04-03 09:00:00,KMI,21.635
2017-04-03 09:00:00,KO,42.57
2017-04-03 09:00:00,LLY,84.66
2017-04-03 09:00:00,LMT,268.545
2017-04-03 09:00:00,LNC,65.11
2017-04-03 09:00:00,LRCX,128.065
2017-04-03 09:00:00,LW,42.05
2017-04-03 09:00:00,MA,112.88
2017-04-03 09:00:00,MAA,101.75
2017-04-03 09:00:00,MARA,0.96
2017-04-03 09:00:00,MCD,129.51
2017-04-03 09:00:00,MCHP,73.73
2017-04-03 09:00:00,MCO,113.0
2017-04-03 09:00:00,MDLZ,43.2
2017-04-03 09:00:00,MET,52.5397
2017-04-03 09:00:00,META,141.8838
2017-04-03 09:00:00,MKC,98.15
2017-04-03 09:00:00,MMM,191.37
2017-04-03 09:00:00,MO,71.82
2017-04-03 09:00:00,MPC,50.51
2017-04-03 09:00:00,MRK,63.6563
2017-04-03 09:00:00,MRVL,15.2111
2017-04-03 09:00:00,MS,42.555
2017-04-03 09:00:00,MSCI,97.61
2017-04-03 09:00:00,MSFT,65.72
2017-04-03 09:00:00,MTB,154.52
2017-04-03 09:00:00,MU,28.8401
2017-04-03 09:00:00,NDAQ,69.43
2017-04-03 09:00:00,NEE,127.82
2017-04-03 09:00:00,NFLX,147.25
2017-04-03 09:00:00,NOC,238.32
2017-04-03 09:00:00,NOK,5.37
2017-04-03 09:00:00,NSC,113.12
2017-04-03 09:00:00,NVDA,108.95
2017-04-03 09:00:00,NXPI,103.905
2017-04-03 09:00:00,O,59.19
2017-04-03 09:00:00,ON,15.48
2017-04-03 09:00:00,ORCL,44.97
2017-04-03 09:00:00,OXY,63.42
2017-04-03 09:00:00,PANW,112.95
2017-04-03 09:00:00,PEG,44.12
2017-04-03 09:00:00,PEP,112.1363
2017-04-03 09:00:00,PFE,34.29
2017-04-03 09:00:00,PFG,62.94
2017-04-03 09:00:00,PG,89.83
2017-04-03 09:00:00,PH,159.75
2017-04-03 09:00:00,PM,113.06
2017-04-03 09:00:00,PNC,119.985
2017-04-03 09:00:00,PRU,106.26
2017-04-03 09:00:00,PSA,217.2
2017-04-03 09:00:00,PSX,79.04
2017-04-03 09:00:00,PYPL,42.88
2017-04-03 09:00:00,QCOM,56.915
2017-04-03 09:00:00,REGN,390.795
2017-04-03 09:00:00,RF,14.47
2017-04-03 09:00:00,RIOT,0.4444444444
2017-04-03 09:00:00,RTX,111.86
2017-04-03 09:00:00,SCHW,40.45
2017-04-03 09:00:00,SHOP,68.454
2017-04-03 09:00:00,SJM,131.305
2017-04-03 09:00:00,SLB,77.87
2017-04-03 09:00:00,SNOW,24.805
2017-04-03 09:00:00,SO,49.6755
2017-04-03 09:00:00,SPG,173.4
2017-04-03 09:00:00,SPGI,130.66
2017-04-03 09:00:00,SPLK,62.225
2017-04-03 09:00:00,SQ,16.795
2017-04-03 09:00:00,STM,15.41
2017-04-03 09:00:00,STT,79.19
2017-04-03 09:00:00,SYY,52.02
2017-04-03 09:00:00,T,41.6647
2017-04-03 09:00:00,TAP,96.03
2017-04-03 09:00:00,TEAM,29.97
2017-04-03 09:00:00,TFC,44.57
2017-04-03 09:00:00,TROW,68.39
2017-04-03 09:00:00,TRV,120.51
2017-04-03 09:00:00,TSLA,289.6
2017-04-03 09:00:00,TSN,62.33
2017-04-03 09:00:00,TWLO,28.3499
2017-04-03 09:00:00,TXN,80.82
2017-04-03 09:00:00,UNH,165.89
2017-04-03 09:00:00,UNP,106.6
2017-04-03 09:00:00,UPS,107.66
2017-04-03 09:00:00,USB,51.38
2017-04-03 09:00:00,V,89.31
2017-04-03 09:00:00,VLO,66.18
2017-04-03 09:00:00,VRTX,110.1
2017-04-03 09:00:00,VTR,64.86
2017-04-03 09:00:00,VZ,49.0
2017-04-03 09:00:00,WAL,48.895
2017-04-03 09:00:00,WEC,60.42
2017-04-03 09:00:00,WELL,70.83
2017-04-03 09:00:00,WFC,55.37
2017-04-03 09:00:00,WM,73.08
2017-04-03 09:00:00,WMB,29.41
2017-04-03 09:00:00,WMT,72.29
2017-04-03 09:00:00,WRB,70.36
2017-04-03 09:00:00,XEL,44.24
2017-04-03 09:00:00,XOM,81.83
2017-04-03 09:00:00,ZION,41.67
2017-04-03 09:00:00,ZTS,53.31
2017-04-03 10:00:00,AAPL,143.7
2017-04-03 10:00:00,ABBV,65.26
2017-04-03 10:00:00,ADBE,129.605
2017-04-03 10:00:00,ADI,81.25
2017-04-03 10:00:00,AEP,66.91
2017-04-03 10:00:00,AIG,61.59
2017-04-03 10:00:00,ALL,81.325
2017-04-03 10:00:00,AMAT,38.8
2017-04-03 10:00:00,AMC,31.65
2017-04-03 10:00:00,AMD,14.3861
2017-04-03 10:00:00,AMGN,164.03
2017-04-03 10:00:00,AMP,128.25
2017-04-03 10:00:00,AMT,120.86
2017-04-03 10:00:00,AMZN,888.6006
2017-04-03 10:00:00,APA,51.25
2017-04-03 10:00:00,ARE,110.32
2017-04-03 10:00:00,ASML,131.93
2017-04-03 10:00:00,AVB,183.36
2017-04-03 10:00:00,AVGO,217.6
2017-04-03 10:00:00,AWK,77.04
2017-04-03 10:00:00,AXP,78.31
2017-04-03 10:00:00,BA,176.12
2017-04-03 10:00:00,BAC,23.19
2017-04-03 10:00:00,BB,7.6101
2017-04-03 10:00:00,BEN,41.49
2017-04-03 10:00:00,BIIB,272.25
2017-04-03 10:00:00,BK,46.48
2017-04-03 10:00:00,BLK,380.35
2017-04-03 10:00:00,BMY,54.5
2017-04-03 10:00:00,C,58.88
2017-04-03 10:00:00,CAG,40.475
2017-04-03 10:00:00,CAT,91.28
2017-04-03 10:00:00,CB,135.97
2017-04-03 10:00:00,CCI,94.11
2017-04-03 10:00:00,CFG,34.28
2017-04-03 10:00:00,CHD,50.0
2017-04-03 10:00:00,CI,150.68
2017-04-03 10:00:00,CINF,71.67
2017-04-03 10:00:00,CL,73.1
2017-04-03 10:00:00,CLX,135.05
2017-04-03 10:00:00,CMCSA,37.64
2017-04-03 10:00:00,CME,116.765
2017-04-03 10:00:00,CMI,149.22
2017-04-03 10:00:00,COF,85.03
2017-04-03 10:00:00,COP,49.095
2017-04-03 10:00:00,COST,167.5492
2017-04-03 10:00:00,CPB,57.09
2017-04-03 10:00:00,CRM,81.94
2017-04-03 10:00:00,CSCO,33.59
2017-04-03 10:00:00,CSX,46.48
2017-04-03 10:00:00,CTRA,23.7399
2017-04-03 10:00:00,CVS,78.1
2017-04-03 10:00:00,CVX,106.85
2017-04-03 10:00:00,D,77.21
2017-04-03 10:00:00,DE,108.23
2017-04-03 10:00:00,DIS,113.055
2017-04-03 10:00:00,DLR,105.8653
2017-04-03 10:00:00,DUK,81.8
2017-04-03 10:00:00,DVN,41.43
2017-04-03 10:00:00,ED,77.47
2017-04-03 10:00:00,EMR,59.61
2017-04-03 10:00:00,EOG,96.61
2017-04-03 10:00:00,EQR,62.0
2017-04-03 10:00:00,EQT,60.45
2017-04-03 10:00:00,ESS,231.2475
2017-04-03 10:00:00,ETN,74.06
2017-04-03 10:00:00,EWBC,50.83
2017-04-03 10:00:00,FANG,102.63
2017-04-03 10:00:00,FDX,195.1899
2017-04-03 10:00:00,FHN,18.295
2017-04-03 10:00:00,FITB,25.115
2017-04-03 10:00:00,GD,186.73
2017-04-03 10:00:00,GE,29.87
2017-04-03 10:00:00,GILD,67.45
2017-04-03 10:00:00,GIS,58.79
2017-04-03 10:00:00,GME,21.95
2017-04-03 10:00:00,GOOGL,850.6676
2017-04-03 10:00:00,GS,226.41
2017-04-03 10:00:00,HAL,48.925
2017-04-03 10:00:00,HBAN,13.22
2017-04-03 10:00:00,HIG,47.67
2017-04-03 10:00:00,HON,124.17
2017-04-03 10:00:00,HRL,34.75
2017-04-03 10:00:00,HSY,108.82
2017-04-03 10:00:00,HUM,210.31
2017-04-03 10:00:00,IBM,173.84
2017-04-03 10:00:00,ICE,298.4012928612
2017-04-03 10:00:00,INTC,36.46
2017-04-03 10:00:00,ITW,131.37
2017-04-03 10:00:00,IVZ,30.38
2017-04-03 10:00:00,JNJ,124.8
2017-04-03 10:00:00,JPM,86.8843
2017-04-03 10:00:00,KEY,17.54
2017-04-03 10:00:00,KHC,91.09
2017-04-03 10:00:00,KLAC,95.5
2017-04-03 10:00:00,KMB,131.58
2017-04-03 10:00:00,KMI,21.52
2017-04-03 10:00:00,KO,42.51
2017-04-03 10:00:00,LLY,84.22
2017-04-03 10:00:00,LMT,267.79
2017-04-03 10:00:00,LNC,64.39
2017-04-03 10:00:00,LRCX,128.12
2017-04-03 10:00:00,LW,42.19
2017-04-03 10:00:00,MA,111.65
2017-04-03 10:00:00,MAA,101.74
2017-04-03 10:00:00,MARA,0.9201
2017-04-03 10:00:00,MCD,129.14
2017-04-03 10:00:00,MCHP,73.05
2017-04-03 10:00:00,MCO,111.92
2017-04-03 10:00:00,MDLZ,43.06
2017-04-03 10:00:00,MET,51.85
2017-04-03 10:00:00,META,141.11
2017-04-03 10:00:00,MKC,98.24
2017-04-03 10:00:00,MMM,191.08
2017-04-03 10:00:00,MO,71.71
2017-04-03 10:00:00,MPC,50.12
2017-04-03 10:00:00,MRK,63.36
2017-04-03 10:00:00,MRVL,15.055
2017-04-03 10:00:00,MS,42.22
2017-04-03 10:00:00,MSCI,96.9
2017-04-03 10:00:00,MSFT,65.4107
2017-04-03 10:00:00,MTB,153.05
2017-04-03 10:00:00,MU,28.425
2017-04-03 10:00:00,NDAQ,69.14
2017-04-03 10:00:00,NEE,127.93
2017-04-03 10:00:00,NFLX,146.57
2017-04-03 10:00:00,NOC,237.295
2017-04-03 10:00:00,NOK,5.32
2017-04-03 10:00:00,NSC,111.9
2017-04-03 10:00:00,NVDA,107.93
2017-04-03 10:00:00,NXPI,103.86
2017-04-03 10:00:00,O,59.415
2017-04-03 10:00:00,ON,15.13
2017-04-03 10:00:00,ORCL,44.6601
2017-04-03 10:00:00,OXY,63.03
2017-04-03 10:00:00,PANW,111.76
2017-04-03 10:00:00,PEG,44.21
2017-04-03 10:00:00,PEP,111.9625
2017-04-03 10:00:00,PFE,34.235
2017-04-03 10:00:00,PFG,62.4
2017-04-03 10:00:00,PG,89.7453
2017-04-03 10:00:00,PH,158.76
2017-04-03 10:00:00,PM,112.877
2017-04-03 10:00:00,PNC,118.88
2017-04-03 10:00:00,PRU,105.165
2017-04-03 10:00:00,PSA,219.28
2017-04-03 10:00:00,PSX,78.345
2017-04-03 10:00:00,PYPL,42.62
2017-04-03 10:00:00,QCOM,56.38
2017-04-03 10:00:00,REGN,387.58
2017-04-03 10:00:00,RF,14.38
2017-04-03 10:00:00,RIOT,0.4388888889
2017-04-03 10:00:00,RTX,111.315
2017-04-03 10:00:00,SCHW,40.17
2017-04-03 10:00:00,SHOP,67.7525
2017-04-03 10:00:00,SJM,131.12
2017-04-03 10:00:00,SLB,77.49
2017-04-03 10:00:00,SNOW,24.89
2017-04-03 10:00:00,SO,49.62
2017-04-03 10:00:00,SPG,173.985
2017-04-03 10:00:00,SPGI,129.81
2017-04-03 10:00:00,SPLK,61.26
2017-04-03 10:00:00,SQ,16.7866
2017-04-03 10:00:00,STM,15.265
2017-04-03 10:00:00,STT,78.151
2017-04-03 10:00:00,SYY,51.765
2017-04-03 10:00:00,T,41.48
2017-04-03 10:00:00,TAP,95.97
2017-04-03 10:00:00,TEAM,29.85
2017-04-03 10:00:00,TFC,44.26
2017-04-03 10:00:00,TROW,67.9
2017-04-03 10:00:00,TRV,120.225
2017-04-03 10:00:00,TSLA,292.0431
2017-04-03 10:00:00,TSN,62.07
2017-04-03 10:00:00,TWLO,28.38
2017-04-03 10:00:00,TXN,80.4
2017-04-03 10:00:00,UNH,165.37
2017-04-03 10:00:00,UNP,105.3
2017-04-03 10:00:00,UPS,106.73
2017-04-03 10:00:00,USB,51.0
2017-04-03 10:00:00,V,88.72
2017-04-03 10:00:00,VLO,66.075
2017-04-03 10:00:00,VRTX,108.82
2017-04-03 10:00:00,VTR,65.0
2017-04-03 10:00:00,VZ,48.98
2017-04-03 10:00:00,WAL,48.67
2017-04-03 10:00:00,WEC,60.47
2017-04-03 10:00:00,WELL,70.985
2017-04-03 10:00:00,WFC,54.95
2017-04-03 10:00:00,WM,72.83
2017-04-03 10:00:00,WMB,29.52
2017-04-03 10:00:00,WMT,72.35
2017-04-03 10:00:00,WRB,70.01
2017-04-03 10:00:00,XEL,44.26
2017-04-03 10:00:00,XOM,81.57
2017-04-03 10:00:00,ZION,41.29
2017-04-03 10:00:00,ZTS,53.035
2017-04-03 11:00:00,AAPL,143.385
2017-04-03 11:00:00,ABBV,65.035
2017-04-03 11:00:00,ADBE,129.4
2017-04-03 11:00:00,ADI,81.05
2017-04-03 11:00:00,AEP,66.95
2017-04-03 11:00:00,AIG,61.415
2017-04-03 11:00:00,ALL,81.18
2017-04-03 11:00:00,AMAT,38.635
2017-04-03 11:00:00,AMC,31.6
2017-04-03 11:00:00,AMD,14.5
2017-04-03 11:00:00,AMGN,163.89
2017-04-03 11:00:00,AMP,128.08
2017-04-03 11:00:00,AMT,120.61
2017-04-03 11:00:00,AMZN,887.75
2017-04-03 11:00:00,APA,50.86
2017-04-03 11:00:00,ARE,110.53
2017-04-03 11:00:00,ASML,131.56
2017-04-03 11:00:00,AVB,183.93
2017-04-03 11:00:00,AVGO,217.46
2017-04-03 11:00:00,AWK,77.16
2017-04-03 11:00:00,AXP,78.14
2017-04-03 11:00:00,BA,175.97
2017-04-03 11:00:00,BAC,23.1871
2017-04-03 11:00:00,BB,7.595
2017-04-03 11:00:00,BEN,41.34
2017-04-03 11:00:00,BIIB,271.5
2017-04-03 11:00:00,BK,46.42
2017-04-03 11:00:00,BLK,378.9
2017-04-03 11:00:00,BMY,54.464
2017-04-03 11:00:00,C,58.82
2017-04-03 11:00:00,CAG,40.355
2017-04-03 11:00:00,CAT,91.21
2017-04-03 11:00:00,CB,135.9
2017-04-03 11:00:00,CCI,94.04
2017-04-03 11:00:00,CFG,34.35
2017-04-03 11:00:00,CHD,49.97
2017-04-03 11:00:00,CI,148.95
2017-04-03 11:00:00,CINF,71.47
2017-04-03 11:00:00,CL,73.075
2017-04-03 11:00:00,CLX,134.73
2017-04-03 11:00:00,CMCSA,37.45
2017-04-03 11:00:00,CME,116.54
2017-04-03 11:00:00,CMI,149.02
2017-04-03 11:00:00,COF,84.92
2017-04-03 11:00:00,COP,48.95
2017-04-03 11:00:00,COST,167.26
2017-04-03 11:00:00,CPB,56.84
2017-04-03 11:00:00,CRM,81.85
2017-04-03 11:00:00,CSCO,33.53
2017-04-03 11:00:00,CSX,46.51
2017-04-03 11:00:00,CTRA,23.63
2017-04-03 11:00:00,CVS,77.841
2017-04-03 11:00:00,CVX,106.61
2017-04-03 11:00:00,D,77.27
2017-04-03 11:00:00,DE,108.2
2017-04-03 11:00:00,DIS,112.7
2017-04-03 11:00:00,DLR,105.84
2017-04-03 11:00:00,DUK,81.895
2017-04-03 11:00:00,DVN,41.47
2017-04-03 11:00:00,ED,77.47
2017-04-03 11:00:00,EMR,59.2856
2017-04-03 11:00:00,EOG,96.31
2017-04-03 11:00:00,EQR,62.14
2017-04-03 11:00:00,EQT,59.86
2017-04-03 11:00:00,ESS,231.67
2017-04-03 11:00:00,ETN,73.65
2017-04-03 11:00:00,EWBC,50.66
2017-04-03 11:00:00,FANG,102.77
2017-04-03 11:00:00,FDX,194.65
2017-04-03 11:00:00,FHN,18.2437
2017-04-03 11:00:00,FITB,25.065
2017-04-03 11:00:00,GD,186.51
2017-04-03 11:00:00,GE,29.81
2017-04-03 11:00:00,GILD,67.0335
2017-04-03 11:00:00,GIS,58.69
2017-04-03 11:00:00,GME,22.0
2017-04-03 11:00:00,GOOGL,849.89
2017-04-03 11:00:00,GS,226.01
2017-04-03 11:00:00,HAL,48.95
2017-04-03 11:00:00,HBAN,13.205
2017-04-03 11:00:00,HIG,47.675
2017-04-03 11:00:00,HON,123.58
2017-04-03 11:00:00,HRL,34.58
2017-04-03 11:00:00,HSY,108.96
2017-04-03 11:00:00,HUM,209.695
2017-04-03 11:00:00,IBM,173.88
2017-04-03 11:00:00,ICE,297.2904927862
2017-04-03 11:00:00,INTC,36.27
2017-04-03 11:00:00,ITW,131.06
2017-04-03 11:00:00,IVZ,30.2267
2017-04-03 11:00:00,JNJ,124.455
2017-04-03 11:00:00,JPM,86.76
2017-04-03 11:00:00,KEY,17.545
2017-04-03 11:00:00,KHC,90.895
2017-04-03 11:00:00,KLAC,95.19
2017-04-03 11:00:00,KMB,131.2
2017-04-03 11:00:00,KMI,21.385
2017-04-03 11:00:00,KO,42.425
2017-04-03 11:00:00,LLY,84.25
2017-04-03 11:00:00,LMT,267.67
2017-04-03 11:00:00,LNC,64.18
2017-04-03 11:00:00,LRCX,127.935
2017-04-03 11:00:00,LW,41.86
2017-04-03 11:00:00,MA,111.62
2017-04-03 11:00:00,MAA,101.97
2017-04-03 11:00:00,MARA,0.9444
2017-04-03 11:00:00,MCD,129.32
2017-04-03 11:00:00,MCHP,72.69
2017-04-03 11:00:00,MCO,111.25
2017-04-03 11:00:00,MDLZ,43.02
2017-04-03 11:00:00,MET,51.69
2017-04-03 11:00:00,META,141.22
2017-04-03 11:00:00,MKC,97.945
2017-04-03 11:00:00,MMM,190.36
2017-04-03 11:00:00,MO,71.6246
2017-04-03 11:00:00,MPC,49.77
2017-04-03 11:00:00,MRK,63.37
2017-04-03 11:00:00,MRVL,14.91
2017-04-03 11:00:00,MS,42.18
2017-04-03 11:00:00,MSCI,97.18
2017-04-03 11:00:00,MSFT,65.37
2017-04-03 11:00:00,MTB,153.0
2017-04-03 11:00:00,MU,28.41
2017-04-03 11:00:00,NDAQ,68.95
2017-04-03 11:00:00,NEE,128.2131
2017-04-03 11:00:00,NFLX,146.11
2017-04-03 11:00:00,NOC,237.22
2017-04-03 11:00:00,NOK,5.3
2017-04-03 11:00:00,NSC,112.41
2017-04-03 11:00:00,NVDA,107.8
2017-04-03 11:00:00,NXPI,104.03
2017-04-03 11:00:00,O,59.57
2017-04-03 11:00:00,ON,15.165
2017-04-03 11:00:00,ORCL,44.605
2017-04-03 11:00:00,OXY,62.895
2017-04-03 11:00:00,PANW,110.76
2017-04-03 11:00:00,PEG,44.15
2017-04-03 11:00:00,PEP,111.57
2017-04-03 11:00:00,PFE,34.2
2017-04-03 11:00:00,PFG,62.17
2017-04-03 11:00:00,PG,89.605
2017-04-03 11:00:00,PH,158.62
2017-04-03 11:00:00,PM,112.73
2017-04-03 11:00:00,PNC,118.94
2017-04-03 11:00:00,PRU,104.86
2017-04-03 11:00:00,PSA,219.951
2017-04-03 11:00:00,PSX,78.2
2017-04-03 11:00:00,PYPL,42.675
2017-04-03 11:00:00,QCOM,56.36
2017-04-03 11:00:00,REGN,385.75
2017-04-03 11:00:00,RF,14.375
2017-04-03 11:00:00,RIOT,0.4355555556
2017-04-03 11:00:00,RTX,111.45
2017-04-03 11:00:00,SCHW,39.94
2017-04-03 11:00:00,SHOP,67.65
2017-04-03 11:00:00,SJM,130.94
2017-04-03 11:00:00,SLB,77.27
2017-04-03 11:00:00,SNOW,24.99
2017-04-03 11:00:00,SO,49.7
2017-04-03 11:00:00,SPG,173.89
2017-04-03 11:00:00,SPGI,129.355
2017-04-03 11:00:00,SPLK,61.4
2017-04-03 11:00:00,SQ,16.71
2017-04-03 11:00:00,STM,15.23
2017-04-03 11:00:00,STT,77.97
2017-04-03 11:00:00,SYY,51.67
2017-04-03 11:00:00,T,41.435
2017-04-03 11:00:00,TAP,95.63
2017-04-03 11:00:00,TEAM,29.66
2017-04-03 11:00:00,TFC,44.23
2017-04-03 11:00:00,TROW,67.89
2017-04-03 11:00:00,TRV,120.09
2017-04-03 11:00:00,TSLA,292.28
2017-04-03 11:00:00,TSN,61.96
2017-04-03 11:00:00,TWLO,28.32
2017-04-03 11:00:00,TXN,80.04
2017-04-03 11:00:00,UNH,164.96
2017-04-03 11:00:00,UNP,105.28
2017-04-03 11:00:00,UPS,106.32
2017-04-03 11:00:00,USB,50.96
2017-04-03 11:00:00,V,88.63
2017-04-03 11:00:00,VLO,65.73
2017-04-03 11:00:00,VRTX,109.22
2017-04-03 11:00:00,VTR,64.94
2017-04-03 11:00:00,VZ,48.9834
2017-04-03 11:00:00,WAL,48.45
2017-04-03 11:00:00,WEC,60.47
2017-04-03 11:00:00,WELL,70.85
2017-04-03 11:00:00,WFC,54.91
2017-04-03 11:00:00,WM,72.8
2017-04-03 11:00:00,WMB,29.505
2017-04-03 11:00:00,WMT,72.0847
2017-04-03 11:00:00,WRB,69.67
2017-04-03 11:00:00,XEL,44.215
2017-04-03 11:00:00,XOM,81.58
2017-04-03 11:00:00,ZION,41.24
2017-04-03 11:00:00,ZTS,52.95
2017-04-03 12:00:00,AAPL,143.59
2017-04-03 12:00:00,ABBV,65.13
2017-04-03 12:00:00,ADBE,129.579
2017-04-03 12:00:00,ADI,81.35
2017-04-03 12:00:00,AEP,66.99
2017-04-03 12:00:00,AIG,61.647
2017-04-03 12:00:00,ALL,81.3
2017-04-03 12:00:00,AMAT,38.8
2017-04-03 12:00:00,AMC,31.75
2017-04-03 12:00:00,AMD,14.55
2017-04-03 12:00:00,AMGN,164.06
2017-04-03 12:00:00,AMP,129.02
2017-04-03 12:00:00,AMT,120.91
2017-04-03 12:00:00,AMZN,890.15
2017-04-03 12:00:00,APA,51.2
2017-04-03 12:00:00,ARE,110.55
2017-04-03 12:00:00,ASML,131.835
2017-04-03 12:00:00,AVB,183.64
2017-04-03 12:00:00,AVGO,218.213
2017-04-03 12:00:00,AWK,77.05
2017-04-03 12:00:00,AXP,78.435
2017-04-03 12:00:00,BA,176.03
2017-04-03 12:00:00,BAC,23.36
2017-04-03 12:00:00,BB,7.61
2017-04-03 12:00:00,BEN,41.51
2017-04-03 12:00:00,BIIB,272.8462
2017-04-03 12:00:00,BK,46.72
2017-04-03 12:00:00,BLK,379.68
2017-04-03 12:00:00,BMY,54.32
2017-04-03 12:00:00,C,59.24
2017-04-03 12:00:00,CAG,40.44
2017-04-03 12:00:00,CAT,91.68
2017-04-03 12:00:00,CB,135.99
2017-04-03 12:00:00,CCI,94.15
2017-04-03 12:00:00,CFG,34.57
2017-04-03 12:00:00,CHD,50.01
2017-04-03 12:00:00,CI,149.4
2017-04-03 12:00:00,CINF,71.61
2017-04-03 12:00:00,CL,73.13
2017-04-03 12:00:00,CLX,134.34
2017-04-03 12:00:00,CMCSA,37.5615
2017-04-03 12:00:00,CME,116.75
2017-04-03 12:00:00,CMI,149.56
2017-04-03 12:00:00,COF,85.55
2017-04-03 12:00:00,COP,49.34
2017-04-03 12:00:00,COST,167.09
2017-04-03 12:00:00,CPB,57.01
2017-04-03 12:00:00,CRM,81.9801
2017-04-03 12:00:00,CSCO,33.545
2017-04-03 12:00:00,CSX,46.66
2017-04-03 12:00:00,CTRA,23.92
2017-04-03 12:00:00,CVS,77.835
2017-04-03 12:00:00,CVX,107.09
2017-04-03 12:00:00,D,77.3
2017-04-03 12:00:00,DE,108.55
2017-04-03 12:00:00,DIS,113.04
2017-04-03 12:00:00,DLR,106.32
2017-04-03 12:00:00,DUK,81.9485
2017-04-03 12:00:00,DVN,41.82
2017-04-03 12:00:00,ED,77.5
2017-04-03 12:00:00,EMR,59.58
2017-04-03 12:00:00,EOG,96.74
2017-04-03 12:00:00,EQR,62.15
2017-04-03 12:00:00,EQT,60.48
2017-04-03 12:00:00,ESS,231.005
2017-04-03 12:00:00,ETN,73.92
2017-04-03 12:00:00,EWBC,51.11
2017-04-03 12:00:00,FANG,103.18
2017-04-03 12:00:00,FDX,194.93
2017-04-03 12:00:00,FHN,18.36
2017-04-03 12:00:00,FITB,25.28
2017-04-03 12:00:00,GD,187.18
2017-04-03 12:00:00,GE,29.815
2017-04-03 12:00:00,GILD,66.87
2017-04-03 12:00:00,GIS,58.76
2017-04-03 12:00:00,GME,22.12
2017-04-03 12:00:00,GOOGL,851.57
2017-04-03 12:00:00,GS,227.57
2017-04-03 12:00:00,HAL,49.1
2017-04-03 12:00:00,HBAN,13.28
2017-04-03 12:00:00,HIG,47.87
2017-04-03 12:00:00,HON,123.705
2017-04-03 12:00:00,HRL,34.53
2017-04-03 12:00:00,HSY,109.11
2017-04-03 12:00:00,HUM,208.675
2017-04-03 12:00:00,IBM,173.76
2017-04-03 12:00:00,ICE,298.3508019487
2017-04-03 12:00:00,INTC,36.28
2017-04-03 12:00:00,ITW,131.53
2017-04-03 12:00:00,IVZ,30.345
2017-04-03 12:00:00,JNJ,124.58
2017-04-03 12:00:00,JPM,87.15
2017-04-03 12:00:00,KEY,17.65
2017-04-03 12:00:00,KHC,91.03
2017-04-03 12:00:00,KLAC,95.52
2017-04-03 12:00:00,KMB,131.4
2017-04-03 12:00:00,KMI,21.48
2017-04-03 12:00:00,KO,42.38
2017-04-03 12:00:00,LLY,84.49
2017-04-03 12:00:00,LMT,268.4885
2017-04-03 12:00:00,LNC,64.74
2017-04-03 12:00:00,LRCX,128.49
2017-04-03 12:00:00,LW,41.83
2017-04-03 12:00:00,MA,111.885
2017-04-03 12:00:00,MAA,101.925
2017-04-03 12:00:00,MARA,0.93
2017-04-03 12:00:00,MCD,129.48
2017-04-03 12:00:00,MCHP,72.8
2017-04-03 12:00:00,MCO,111.28
2017-04-03 12:00:00,MDLZ,43.04
2017-04-03 12:00:00,MET,52.105
2017-04-03 12:00:00,META,141.7715
2017-04-03 12:00:00,MKC,98.18
2017-04-03 12:00:00,MMM,190.33
2017-04-03 12:00:00,MO,71.74
2017-04-03 12:00:00,MPC,49.83
2017-04-03 12:00:00,MRK,63.44
2017-04-03 12:00:00,MRVL,15.005
2017-04-03 12:00:00,MS,42.515
2017-04-03 12:00:00,MSCI,97.425
2017-04-03 12:00:00,MSFT,65.4828
2017-04-03 12:00:00,MTB,154.03
2017-04-03 12:00:00,MU,28.54
2017-04-03 12:00:00,NDAQ,69.03
2017-04-03 12:00:00,NEE,128.137
2017-04-03 12:00:00,NFLX,146.62
2017-04-03 12:00:00,NOC,237.35
2017-04-03 12:00:00,NOK,5.32
2017-04-03 12:00:00,NSC,113.0
2017-04-03 12:00:00,NVDA,108.2594
2017-04-03 12:00:00,NXPI,104.165
2017-04-03 12:00:00,O,59.6366
2017-04-03 12:00:00,ON,15.055
2017-04-03 12:00:00,ORCL,44.49
2017-04-03 12:00:00,OXY,63.2
2017-04-03 12:00:00,PANW,111.02
2017-04-03 12:00:00,PEG,44.155
2017-04-03 12:00:00,PEP,111.6
2017-04-03 12:00:00,PFE,34.185
2017-04-03 12:00:00,PFG,62.53
2017-04-03 12:00:00,PG,89.525
2017-04-03 12:00:00,PH,159.43
2017-04-03 12:00:00,PM,112.69
2017-04-03 12:00:00,PNC,119.58
2017-04-03 12:00:00,PRU,105.59
2017-04-03 12:00:00,PSA,219.57
2017-04-03 12:00:00,PSX,78.1
2017-04-03 12:00:00,PYPL,42.78
2017-04-03 12:00:00,QCOM,56.29
2017-04-03 12:00:00,REGN,382.79
2017-04-03 12:00:00,RF,14.495
2017-04-03 12:00:00,RIOT,0.43
2017-04-03 12:00:00,RTX,111.71
2017-04-03 12:00:00,SCHW,40.28
2017-04-03 12:00:00,SHOP,68.09
2017-04-03 12:00:00,SJM,131.26
2017-04-03 12:00:00,SLB,77.51
2017-04-03 12:00:00,SNOW,24.995
2017-04-03 12:00:00,SO,49.7
2017-04-03 12:00:00,SPG,174.0653
2017-04-03 12:00:00,SPGI,129.32
2017-04-03 12:00:00,SPLK,61.1
2017-04-03 12:00:00,SQ,16.865
2017-04-03 12:00:00,STM,15.265
2017-04-03 12:00:00,STT,78.48
2017-04-03 12:00:00,SYY,51.665
2017-04-03 12:00:00,T,41.47
2017-04-03 12:00:00,TAP,95.77
2017-04-03 12:00:00,TEAM,29.68
2017-04-03 12:00:00,TFC,44.52
2017-04-03 12:00:00,TROW,67.95
2017-04-03 12:00:00,TRV,120.11
2017-04-03 12:00:00,TSLA,292.15
2017-04-03 12:00:00,TSN,62.11
2017-04-03 12:00:00,TWLO,28.47
2017-04-03 12:00:00,TXN,80.12
2017-04-03 12:00:00,UNH,165.12
2017-04-03 12:00:00,UNP,105.7
2017-04-03 12:00:00,UPS,106.37
2017-04-03 12:00:00,USB,51.27
2017-04-03 12:00:00,V,88.886
2017-04-03 12:00:00,VLO,65.84
2017-04-03 12:00:00,VRTX,108.79
2017-04-03 12:00:00,VTR,64.92
2017-04-03 12:00:00,VZ,49.015
2017-04-03 12:00:00,WAL,48.79
2017-04-03 12:00:00,WEC,60.44
2017-04-03 12:00:00,WELL,70.81
2017-04-03 12:00:00,WFC,55.291
2017-04-03 12:00:00,WM,72.79
2017-04-03 12:00:00,WMB,29.57
2017-04-03 12:00:00,WMT,71.87
2017-04-03 12:00:00,WRB,69.67
2017-04-03 12:00:00,XEL,44.225
2017-04-03 12:00:00,XOM,81.85
2017-04-03 12:00:00,ZION,41.62
2017-04-03 12:00:00,ZTS,53.24
2017-04-03 13:00:00,AAPL,143.52
2017-04-03 13:00:00,ABBV,65.075
2017-04-03 13:00:00,ADBE,129.413
2017-04-03 13:00:00,ADI,81.24
2017-04-03 13:00:00,AEP,66.91
2017-04-03 13:00:00,AIG,61.615
2017-04-03 13:00:00,ALL,81.34
2017-04-03 13:00:00,AMAT,38.785
2017-04-03 13:00:00,AMC,31.65
2017-04-03 13:00:00,AMD,14.59
2017-04-03 13:00:00,AMGN,163.89
2017-04-03 13:00:00,AMP,128.91
2017-04-03 13:00:00,AMT,120.98
2017-04-03 13:00:00,AMZN,889.4092
2017-04-03 13:00:00,APA,51.15
2017-04-03 13:00:00,ARE,110.645
2017-04-03 13:00:00,ASML,131.9
2017-04-03 13:00:00,AVB,183.51
2017-04-03 13:00:00,AVGO,217.49
2017-04-03 13:00:00,AWK,76.85
2017-04-03 13:00:00,AXP,78.48
2017-04-03 13:00:00,BA,176.0
2017-04-03 13:00:00,BAC,23.43
2017-04-03 13:00:00,BB,7.74
2017-04-03 13:00:00,BEN,41.53
2017-04-03 13:00:00,BIIB,272.705
2017-04-03 13:00:00,BK,46.74
2017-04-03 13:00:00,BLK,380.17
2017-04-03 13:00:00,BMY,54.0122
2017-04-03 13:00:00,C,59.35
2017-04-03 13:00:00,CAG,40.34
2017-04-03 13:00:00,CAT,91.78
2017-04-03 13:00:00,CB,135.99
2017-04-03 13:00:00,CCI,94.22
2017-04-03 13:00:00,CFG,34.62
2017-04-03 13:00:00,CHD,49.97
2017-04-03 13:00:00,CI,149.04
2017-04-03 13:00:00,CINF,71.53
2017-04-03 13:00:00,CL,73.13
2017-04-03 13:00:00,CLX,134.48
2017-04-03 13:00:00,CMCSA,37.461
2017-04-03 13:00:00,CME,116.9
2017-04-03 13:00:00,CMI,149.21
2017-04-03 13:00:00,COF,85.66
2017-04-03 13:00:00,COP,49.21
2017-04-03 13:00:00,COST,166.72
2017-04-03 13:00:00,CPB,56.9
2017-04-03 13:00:00,CRM,81.99
2017-04-03 13:00:00,CSCO,33.525
2017-04-03 13:00:00,CSX,46.61
2017-04-03 13:00:00,CTRA,23.97
2017-04-03 13:00:00,CVS,77.8049
2017-04-03 13:00:00,CVX,107.29
2017-04-03 13:00:00,D,77.24
2017-04-03 13:00:00,DE,108.51
2017-04-03 13:00:00,DIS,113.04
2017-04-03 13:00:00,DLR,106.41
2017-04-03 13:00:00,DUK,81.83
2017-04-03 13:00:00,DVN,41.9
2017-04-03 13:00:00,ED,77.4099
2017-04-03 13:00:00,EMR,59.53
2017-04-03 13:00:00,EOG,96.85
2017-04-03 13:00:00,EQR,62.08
2017-04-03 13:00:00,EQT,60.79
2017-04-03 13:00:00,ESS,230.43
2017-04-03 13:00:00,ETN,73.8101
2017-04-03 13:00:00,EWBC,51.25
2017-04-03 13:00:00,FANG,103.34
2017-04-03 13:00:00,FDX,194.9352
2017-04-03 13:00:00,FHN,18.4
2017-04-03 13:00:00,FITB,25.26
2017-04-03 13:00:00,GD,187.28
2017-04-03 13:00:00,GE,29.815
2017-04-03 13:00:00,GILD,66.83
2017-04-03 13:00:00,GIS,58.6
2017-04-03 13:00:00,GME,22.1
2017-04-03 13:00:00,GOOGL,854.05
2017-04-03 13:00:00,GS,228.35
2017-04-03 13:00:00,HAL,49.2
2017-04-03 13:00:00,HBAN,13.36
2017-04-03 13:00:00,HIG,47.91
2017-04-03 13:00:00,HON,123.84
2017-04-03 13:00:00,HRL,34.475
2017-04-03 13:00:00,HSY,108.975
2017-04-03 13:00:00,HUM,208.57
2017-04-03 13:00:00,IBM,174.2
2017-04-03 13:00:00,ICE,298.7547292486
2017-04-03 13:00:00,INTC,36.1963
2017-04-03 13:00:00,ITW,131.33
2017-04-03 13:00:00,IVZ,30.33
2017-04-03 13:00:00,JNJ,124.52
2017-04-03 13:00:00,JPM,87.365
2017-04-03 13:00:00,KEY,17.68
2017-04-03 13:00:00,KHC,90.98
2017-04-03 13:00:00,KLAC,95.53
2017-04-03 13:00:00,KMB,131.6
2017-04-03 13:00:00,KMI,21.51
2017-04-03 13:00:00,KO,42.31
2017-04-03 13:00:00,LLY,84.39
2017-04-03 13:00:00,LMT,268.24
2017-04-03 13:00:00,LNC,64.73
2017-04-03 13:00:00,LRCX,128.11
2017-04-03 13:00:00,LW,41.76
2017-04-03 13:00:00,MA,111.89
2017-04-03 13:00:00,MAA,101.86
2017-04-03 13:00:00,MARA,0.9301
2017-04-03 13:00:00,MCD,129.2798
2017-04-03 13:00:00,MCHP,73.05
2017-04-03 13:00:00,MCO,111.22
2017-04-03 13:00:00,MDLZ,43.04
2017-04-03 13:00:00,MET,52.24
2017-04-03 13:00:00,META,141.93
2017-04-03 13:00:00,MKC,97.91
2017-04-03 13:00:00,MMM,190.435
2017-04-03 13:00:00,MO,71.68
2017-04-03 13:00:00,MPC,49.67
2017-04-03 13:00:00,MRK,63.39
2017-04-03 13:00:00,MRVL,15.005
2017-04-03 13:00:00,MS,42.585
2017-04-03 13:00:00,MSCI,97.12
2017-04-03 13:00:00,MSFT,65.41
2017-04-03 13:00:00,MTB,154.2
2017-04-03 13:00:00,MU,28.55
2017-04-03 13:00:00,NDAQ,69.01
2017-04-03 13:00:00,NEE,128.09
2017-04-03 13:00:00,NFLX,146.6932
2017-04-03 13:00:00,NOC,236.97
2017-04-03 13:00:00,NOK,5.31
2017-04-03 13:00:00,NSC,113.28
2017-04-03 13:00:00,NVDA,108.27
2017-04-03 13:00:00,NXPI,104.075
2017-04-03 13:00:00,O,59.62
2017-04-03 13:00:00,ON,15.04
2017-04-03 13:00:00,ORCL,44.425
2017-04-03 13:00:00,OXY,63.38
2017-04-03 13:00:00,PANW,110.87
2017-04-03 13:00:00,PEG,44.02
2017-04-03 13:00:00,PEP,111.56
2017-04-03 13:00:00,PFE,34.145
2017-04-03 13:00:00,PFG,62.59
2017-04-03 13:00:00,PG,89.59
2017-04-03 13:00:00,PH,159.51
2017-04-03 13:00:00,PM,112.63
2017-04-03 13:00:00,PNC,119.5
2017-04-03 13:00:00,PRU,105.83
2017-04-03 13:00:00,PSA,219.79
2017-04-03 13:00:00,PSX,78.12
2017-04-03 13:00:00,PYPL,42.655
2017-04-03 13:00:00,QCOM,56.33
2017-04-03 13:00:00,REGN,383.3
2017-04-03 13:00:00,RF,14.53
2017-04-03 13:00:00,RIOT,0.4303888889
2017-04-03 13:00:00,RTX,111.65
2017-04-03 13:00:00,SCHW,40.29
2017-04-03 13:00:00,SHOP,68.24
2017-04-03 13:00:00,SJM,131.035
2017-04-03 13:00:00,SLB,77.71
2017-04-03 13:00:00,SNOW,25.13
2017-04-03 13:00:00,SO,49.68
2017-04-03 13:00:00,SPG,173.805
2017-04-03 13:00:00,SPGI,129.26
2017-04-03 13:00:00,SPLK,60.9189
2017-04-03 13:00:00,SQ,16.92
2017-04-03 13:00:00,STM,15.265
2017-04-03 13:00:00,STT,78.425
2017-04-03 13:00:00,SYY,51.59
2017-04-03 13:00:00,T,41.41
2017-04-03 13:00:00,TAP,95.51
2017-04-03 13:00:00,TEAM,29.62
2017-04-03 13:00:00,TFC,44.51
2017-04-03 13:00:00,TROW,67.965
2017-04-03 13:00:00,TRV,120.02
2017-04-03 13:00:00,TSLA,294.0681
2017-04-03 13:00:00,TSN,61.91
2017-04-03 13:00:00,TWLO,28.47
2017-04-03 13:00:00,TXN,80.15
2017-04-03 13:00:00,UNH,165.07
2017-04-03 13:00:00,UNP,105.51
2017-04-03 13:00:00,UPS,106.28
2017-04-03 13:00:00,USB,51.3899
2017-04-03 13:00:00,V,88.87
2017-04-03 13:00:00,VLO,65.94
2017-04-03 13:00:00,VRTX,108.14
2017-04-03 13:00:00,VTR,65.006
2017-04-03 13:00:00,VZ,49.0158
2017-04-03 13:00:00,WAL,48.97
2017-04-03 13:00:00,WEC,60.36
2017-04-03 13:00:00,WELL,71.015
2017-04-03 13:00:00,WFC,55.305
2017-04-03 13:00:00,WM,72.561
2017-04-03 13:00:00,WMB,29.64
2017-04-03 13:00:00,WMT,71.92
2017-04-03 13:00:00,WRB,69.6039
2017-04-03 13:00:00,XEL,44.17
2017-04-03 13:00:00,XOM,81.78
2017-04-03 13:00:00,ZION,41.82
2017-04-03 13:00:00,ZTS,53.11
2017-04-03 14:00:00,AAPL,143.7
2017-04-03 14:00:00,ABBV,65.23
2017-04-03 14:00:00,ADBE,129.59
2017-04-03 14:00:00,ADI,81.3353
2017-04-03 14:00:00,AEP,67.05
2017-04-03 14:00:00,AIG,61.67
2017-04-03 14:00:00,ALL,81.43
2017-04-03 14:00:00,AMAT,38.88
2017-04-03 14:00:00,AMC,31.8
2017-04-03 14:00:00,AMD,14.6599
2017-04-03 14:00:00,AMGN,164.07
2017-04-03 14:00:00,AMP,129.44
2017-04-03 14:00:00,AMT,121.09
2017-04-03 14:00:00,AMZN,890.198
2017-04-03 14:00:00,APA,51.24
2017-04-03 14:00:00,ARE,110.78
2017-04-03 14:00:00,ASML,132.09
2017-04-03 14:00:00,AVB,183.42
2017-04-03 14:00:00,AVGO,218.69
2017-04-03 14:00:00,AWK,76.91
2017-04-03 14:00:00,AXP,78.59
2017-04-03 14:00:00,BA,176.67
2017-04-03 14:00:00,BAC,23.465
2017-04-03 14:00:00,BB,7.765
2017-04-03 14:00:00,BEN,41.61
2017-04-03 14:00:00,BIIB,273.04
2017-04-03 14:00:00,BK,46.945
2017-04-03 14:00:00,BLK,380.3
2017-04-03 14:00:00,BMY,54.155
2017-04-03 14:00:00,C,59.45
2017-04-03 14:00:00,CAG,40.34
2017-04-03 14:00:00,CAT,92.088
2017-04-03 14:00:00,CB,136.25
2017-04-03 14:00:00,CCI,94.19
2017-04-03 14:00:00,CFG,34.71
2017-04-03 14:00:00,CHD,49.79
2017-04-03 14:00:00,CI,149.45
2017-04-03 14:00:00,CINF,71.65
2017-04-03 14:00:00,CL,73.05
2017-04-03 14:00:00,CLX,134.12
2017-04-03 14:00:00,CMCSA,37.53
2017-04-03 14:00:00,CME,117.43
2017-04-03 14:00:00,CMI,149.27
2017-04-03 14:00:00,COF,85.53
2017-04-03 14:00:00,COP,49.5
2017-04-03 14:00:00,COST,166.72
2017-04-03 14:00:00,CPB,56.76
2017-04-03 14:00:00,CRM,82.12
2017-04-03 14:00:00,CSCO,33.55
2017-04-03 14:00:00,CSX,46.725
2017-04-03 14:00:00,CTRA,23.96
2017-04-03 14:00:00,CVS,77.77
2017-04-03 14:00:00,CVX,107.66
2017-04-03 14:00:00,D,77.54
2017-04-03 14:00:00,DE,108.7166
2017-04-03 14:00:00,DIS,113.25
2017-04-03 14:00:00,DLR,106.411
2017-04-03 14:00:00,DUK,82.055
2017-04-03 14:00:00,DVN,42.0731
2017-04-03 14:00:00,ED,77.6
2017-04-03 14:00:00,EMR,59.73
2017-04-03 14:00:00,EOG,97.06
2017-04-03 14:00:00,EQR,62.065
2017-04-03 14:00:00,EQT,60.845
2017-04-03 14:00:00,ESS,230.56
2017-04-03 14:00:00,ETN,74.07
2017-04-03 14:00:00,EWBC,51.23
2017-04-03 14:00:00,FANG,103.83
2017-04-03 14:00:00,FDX,195.22
2017-04-03 14:00:00,FHN,18.365
2017-04-03 14:00:00,FITB,25.26
2017-04-03 14:00:00,GD,187.48
2017-04-03 14:00:00,GE,29.865
2017-04-03 14:00:00,GILD,67.0
2017-04-03 14:00:00,GIS,58.445
2017-04-03 14:00:00,GME,21.95
2017-04-03 14:00:00,GOOGL,855.47
2017-04-03 14:00:00,GS,228.88
2017-04-03 14:00:00,HAL,49.27
2017-04-03 14:00:00,HBAN,13.345
2017-04-03 14:00:00,HIG,48.06
2017-04-03 14:00:00,HON,124.05
2017-04-03 14:00:00,HRL,34.4
2017-04-03 14:00:00,HSY,108.93
2017-04-03 14:00:00,HUM,209.03
2017-04-03 14:00:00,IBM,174.68
2017-04-03 14:00:00,ICE,299.0576747236
2017-04-03 14:00:00,INTC,36.22
2017-04-03 14:00:00,ITW,131.82
2017-04-03 14:00:00,IVZ,30.47
2017-04-03 14:00:00,JNJ,124.755
2017-04-03 14:00:00,JPM,87.35
2017-04-03 14:00:00,KEY,17.68
2017-04-03 14:00:00,KHC,90.86
2017-04-03 14:00:00,KLAC,96.26
2017-04-03 14:00:00,KMB,131.33
2017-04-03 14:00:00,KMI,21.59
2017-04-03 14:00:00,KO,42.335
2017-04-03 14:00:00,LLY,84.72
2017-04-03 14:00:00,LMT,268.595
2017-04-03 14:00:00,LNC,65.02
2017-04-03 14:00:00,LRCX,128.73
2017-04-03 14:00:00,LW,42.04
2017-04-03 14:00:00,MA,112.0
2017-04-03 14:00:00,MAA,101.9
2017-04-03 14:00:00,MARA,0.9251
2017-04-03 14:00:00,MCD,129.53
2017-04-03 14:00:00,MCHP,73.34
2017-04-03 14:00:00,MCO,111.52
2017-04-03 14:00:00,MDLZ,42.95
2017-04-03 14:00:00,MET,52.38
2017-04-03 14:00:00,META,142.17
2017-04-03 14:00:00,MKC,97.63
2017-04-03 14:00:00,MMM,190.56
2017-04-03 14:00:00,MO,71.64
2017-04-03 14:00:00,MPC,49.79
2017-04-03 14:00:00,MRK,63.485
2017-04-03 14:00:00,MRVL,15.05
2017-04-03 14:00:00,MS,42.685
2017-04-03 14:00:00,MSCI,96.64
2017-04-03 14:00:00,MSFT,65.5
2017-04-03 14:00:00,MTB,154.18
2017-04-03 14:00:00,MU,28.66
2017-04-03 14:00:00,NDAQ,68.96
2017-04-03 14:00:00,NEE,128.45
2017-04-03 14:00:00,NFLX,147.2
2017-04-03 14:00:00,NOC,237.52
2017-04-03 14:00:00,NOK,5.331
2017-04-03 14:00:00,NSC,113.65
2017-04-03 14:00:00,NVDA,108.5637
2017-04-03 14:00:00,NXPI,104.16
2017-04-03 14:00:00,O,59.735
2017-04-03 14:00:00,ON,15.085
2017-04-03 14:00:00,ORCL,44.63
2017-04-03 14:00:00,OXY,63.5701
2017-04-03 14:00:00,PANW,110.7844
2017-04-03 14:00:00,PEG,44.18
2017-04-03 14:00:00,PEP,111.605
2017-04-03 14:00:00,PFE,34.215
2017-04-03 14:00:00,PFG,62.9
2017-04-03 14:00:00,PG,89.645
2017-04-03 14:00:00,PH,159.72
2017-04-03 14:00:00,PM,112.79
2017-04-03 14:00:00,PNC,119.47
2017-04-03 14:00:00,PRU,106.23
2017-04-03 14:00:00,PSA,219.74
2017-04-03 14:00:00,PSX,78.25
2017-04-03 14:00:00,PYPL,42.7
2017-04-03 14:00:00,QCOM,56.44
2017-04-03 14:00:00,REGN,385.01
2017-04-03 14:00:00,RF,14.51
2017-04-03 14:00:00,RIOT,0.4355555556
2017-04-03 14:00:00,RTX,111.87
2017-04-03 14:00:00,SCHW,40.425
2017-04-03 14:00:00,SHOP,68.825
2017-04-03 14:00:00,SJM,130.66
2017-04-03 14:00:00,SLB,77.8801
2017-04-03 14:00:00,SNOW,25.11
2017-04-03 14:00:00,SO,49.86
2017-04-03 14:00:00,SPG,173.97
2017-04-03 14:00:00,SPGI,129.205
2017-04-03 14:00:00,SPLK,61.11
2017-04-03 14:00:00,SQ,16.99
2017-04-03 14:00:00,STM,15.29
2017-04-03 14:00:00,STT,78.59
2017-04-03 14:00:00,SYY,51.585
2017-04-03 14:00:00,T,41.48
2017-04-03 14:00:00,TAP,95.38
2017-04-03 14:00:00,TEAM,29.73
2017-04-03 14:00:00,TFC,44.54
2017-04-03 14:00:00,TROW,68.04
2017-04-03 14:00:00,TRV,120.24
2017-04-03 14:00:00,TSLA,297.7
2017-04-03 14:00:00,TSN,61.74
2017-04-03 14:00:00,TWLO,28.725
2017-04-03 14:00:00,TXN,80.47
2017-04-03 14:00:00,UNH,165.33
2017-04-03 14:00:00,UNP,105.78
2017-04-03 14:00:00,UPS,106.41
2017-04-03 14:00:00,USB,51.395
2017-04-03 14:00:00,V,88.99
2017-04-03 14:00:00,VLO,66.162
2017-04-03 14:00:00,VRTX,108.58
2017-04-03 14:00:00,VTR,65.1
2017-04-03 14:00:00,VZ,49.11
2017-04-03 14:00:00,WAL,48.86
2017-04-03 14:00:00,WEC,60.52
2017-04-03 14:00:00,WELL,71.19
2017-04-03 14:00:00,WFC,55.37
2017-04-03 14:00:00,WM,72.6601
2017-04-03 14:00:00,WMB,29.725
2017-04-03 14:00:00,WMT,71.85
2017-04-03 14:00:00,WRB,69.74
2017-04-03 14:00:00,XEL,44.29
2017-04-03 14:00:00,XOM,82.035
2017-04-03 14:00:00,ZION,41.78
2017-04-03 14:00:00,ZTS,53.375
2017-04-03 15:00:00,AAPL,143.71
2017-04-03 15:00:00,ABBV,65.04
2017-04-03 15:00:00,ADBE,129.59
2017-04-03 15:00:00,ADI,81.24
2017-04-03 15:00:00,AEP,67.15
2017-04-03 15:00:00,AIG,61.79
2017-04-03 15:00:00,ALL,81.315
2017-04-03 15:00:00,AMAT,38.89
2017-04-03 15:00:00,AMC,31.85
2017-04-03 15:00:00,AMD,14.65
2017-04-03 15:00:00,AMGN,163.84
2017-04-03 15:00:00,AMP,129.57
2017-04-03 15:00:00,AMT,121.2
2017-04-03 15:00:00,AMZN,891.76
2017-04-03 15:00:00,APA,51.04
2017-04-03 15:00:00,ARE,110.82
2017-04-03 15:00:00,ASML,132.26
2017-04-03 15:00:00,AVB,183.6
2017-04-03 15:00:00,AVGO,218.8
2017-04-03 15:00:00,AWK,77.13
2017-04-03 15:00:00,AXP,78.59
2017-04-03 15:00:00,BA,176.68
2017-04-03 15:00:00,BAC,23.6
2017-04-03 15:00:00,BB,7.79
2017-04-03 15:00:00,BEN,41.755
2017-04-03 15:00:00,BIIB,272.75
2017-04-03 15:00:00,BK,47.12
2017-04-03 15:00:00,BLK,382.14
2017-04-03 15:00:00,BMY,54.23
2017-04-03 15:00:00,C,59.68
2017-04-03 15:00:00,CAG,40.36
2017-04-03 15:00:00,CAT,92.28
2017-04-03 15:00:00,CB,136.27
2017-04-03 15:00:00,CCI,94.23
2017-04-03 15:00:00,CFG,34.815
2017-04-03 15:00:00,CHD,49.88
2017-04-03 15:00:00,CI,149.47
2017-04-03 15:00:00,CINF,71.58
2017-04-03 15:00:00,CL,73.39
2017-04-03 15:00:00,CLX,134.51
2017-04-03 15:00:00,CMCSA,37.57
2017-04-03 15:00:00,CME,117.5
2017-04-03 15:00:00,CMI,149.68
2017-04-03 15:00:00,COF,85.825
2017-04-03 15:00:00,COP,49.44
2017-04-03 15:00:00,COST,166.7
2017-04-03 15:00:00,CPB,56.89
2017-04-03 15:00:00,CRM,82.3
2017-04-03 15:00:00,CSCO,33.57
2017-04-03 15:00:00,CSX,46.6
2017-04-03 15:00:00,CTRA,24.01
2017-04-03 15:00:00,CVS,78.04
2017-04-03 15:00:00,CVX,107.82
2017-04-03 15:00:00,D,77.73
2017-04-03 15:00:00,DE,108.78
2017-04-03 15:00:00,DIS,113.24
2017-04-03 15:00:00,DLR,106.19
2017-04-03 15:00:00,DUK,82.24
2017-04-03 15:00:00,DVN,42.03
2017-04-03 15:00:00,ED,77.78
2017-04-03 15:00:00,EMR,59.82
2017-04-03 15:00:00,EOG,96.96
2017-04-03 15:00:00,EQR,62.13
2017-04-03 15:00:00,EQT,60.9
2017-04-03 15:00:00,ESS,230.78
2017-04-03 15:00:00,ETN,74.17
2017-04-03 15:00:00,EWBC,51.49
2017-04-03 15:00:00,FANG,104.07
2017-04-03 15:00:00,FDX,195.35
2017-04-03 15:00:00,FHN,18.4
2017-04-03 15:00:00,FITB,25.29
2017-04-03 15:00:00,GD,187.74
2017-04-03 15:00:00,GE,29.88
2017-04-03 15:00:00,GILD,67.13
2017-04-03 15:00:00,GIS,58.55
2017-04-03 15:00:00,GME,22.005
2017-04-03 15:00:00,GOOGL,857.03
2017-04-03 15:00:00,GS,228.95
2017-04-03 15:00:00,HAL,49.27
2017-04-03 15:00:00,HBAN,13.35
2017-04-03 15:00:00,HIG,48.12
2017-04-03 15:00:00,HON,124.37
2017-04-03 15:00:00,HRL,34.5
2017-04-03 15:00:00,HSY,108.91
2017-04-03 15:00:00,HUM,209.66
2017-04-03 15:00:00,IBM,174.52
2017-04-03 15:00:00,ICE,299.8150384111
2017-04-03 15:00:00,INTC,36.17
2017-04-03 15:00:00,ITW,131.665
2017-04-03 15:00:00,IVZ,30.58
2017-04-03 15:00:00,JNJ,124.74
2017-04-03 15:00:00,JPM,87.55
2017-04-03 15:00:00,KEY,17.74
2017-04-03 15:00:00,KHC,91.08
2017-04-03 15:00:00,KLAC,95.97
2017-04-03 15:00:00,KMB,131.56
2017-04-03 15:00:00,KMI,21.59
2017-04-03 15:00:00,KO,42.42
2017-04-03 15:00:00,LLY,84.459
2017-04-03 15:00:00,LMT,268.68
2017-04-03 15:00:00,LNC,65.22
2017-04-03 15:00:00,LRCX,128.42
2017-04-03 15:00:00,LW,42.0
2017-04-03 15:00:00,MA,112.34
2017-04-03 15:00:00,MAA,101.77
2017-04-03 15:00:00,MARA,0.9
2017-04-03 15:00:00,MCD,129.62
2017-04-03 15:00:00,MCHP,73.215
2017-04-03 15:00:00,MCO,111.92
2017-04-03 15:00:00,MDLZ,43.04
2017-04-03 15:00:00,MET,52.405
2017-04-03 15:00:00,META,142.27
2017-04-03 15:00:00,MKC,98.16
2017-04-03 15:00:00,MMM,190.72
2017-04-03 15:00:00,MO,71.63
2017-04-03 15:00:00,MPC,49.93
2017-04-03 15:00:00,MRK,63.48
2017-04-03 15:00:00,MRVL,15.0
2017-04-03 15:00:00,MS,42.72
2017-04-03 15:00:00,MSCI,96.8
2017-04-03 15:00:00,MSFT,65.54
2017-04-03 15:00:00,MTB,154.5
2017-04-03 15:00:00,MU,28.635
2017-04-03 15:00:00,NDAQ,68.92
2017-04-03 15:00:00,NEE,128.71
2017-04-03 15:00:00,NFLX,146.91
2017-04-03 15:00:00,NOC,237.84
2017-04-03 15:00:00,NOK,5.33
2017-04-03 15:00:00,NSC,113.49
2017-04-03 15:00:00,NVDA,108.39
2017-04-03 15:00:00,NXPI,104.34
2017-04-03 15:00:00,O,59.71
2017-04-03 15:00:00,ON,15.07
2017-04-03 15:00:00,ORCL,44.62
2017-04-03 15:00:00,OXY,63.72
2017-04-03 15:00:00,PANW,111.01
2017-04-03 15:00:00,PEG,44.26
2017-04-03 15:00:00,PEP,111.86
2017-04-03 15:00:00,PFE,34.235
2017-04-03 15:00:00,PFG,63.09
2017-04-03 15:00:00,PG,89.69
2017-04-03 15:00:00,PH,159.61
2017-04-03 15:00:00,PM,112.92
2017-04-03 15:00:00,PNC,119.82
2017-04-03 15:00:00,PRU,106.47
2017-04-03 15:00:00,PSA,219.275
2017-04-03 15:00:00,PSX,78.285
2017-04-03 15:00:00,PYPL,42.63
2017-04-03 15:00:00,QCOM,56.5
2017-04-03 15:00:00,REGN,383.23
2017-04-03 15:00:00,RF,14.58
2017-04-03 15:00:00,RIOT,0.4322222222
2017-04-03 15:00:00,RTX,111.95
2017-04-03 15:00:00,SCHW,40.57
2017-04-03 15:00:00,SHOP,69.21
2017-04-03 15:00:00,SJM,131.07
2017-04-03 15:00:00,SLB,77.79
2017-04-03 15:00:00,SNOW,25.08
2017-04-03 15:00:00,SO,49.96
2017-04-03 15:00:00,SPG,174.12
2017-04-03 15:00:00,SPGI,129.35
2017-04-03 15:00:00,SPLK,61.14
2017-04-03 15:00:00,SQ,17.01
2017-04-03 15:00:00,STM,15.29
2017-04-03 15:00:00,STT,78.83
2017-04-03 15:00:00,SYY,51.68
2017-04-03 15:00:00,T,41.57
2017-04-03 15:00:00,TAP,95.45
2017-04-03 15:00:00,TEAM,29.74
2017-04-03 15:00:00,TFC,44.7
2017-04-03 15:00:00,TROW,68.19
2017-04-03 15:00:00,TRV,120.39
2017-04-03 15:00:00,TSLA,298.51
2017-04-03 15:00:00,TSN,61.975
2017-04-03 15:00:00,TWLO,28.69
2017-04-03 15:00:00,TXN,80.37
2017-04-03 15:00:00,UNH,165.6
2017-04-03 15:00:00,UNP,105.49
2017-04-03 15:00:00,UPS,106.41
2017-04-03 15:00:00,USB,51.54
2017-04-03 15:00:00,V,89.38
2017-04-03 15:00:00,VLO,66.23
2017-04-03 15:00:00,VRTX,107.49
2017-04-03 15:00:00,VTR,65.11
2017-04-03 15:00:00,VZ,49.185
2017-04-03 15:00:00,WAL,48.91
2017-04-03 15:00:00,WEC,60.61
2017-04-03 15:00:00,WELL,71.14
2017-04-03 15:00:00,WFC,55.5
2017-04-03 15:00:00,WM,72.59
2017-04-03 15:00:00,WMB,29.84
2017-04-03 15:00:00,WMT,71.84
2017-04-03 15:00:00,WRB,69.68
2017-04-03 15:00:00,XEL,44.39
2017-04-03 15:00:00,XOM,82.08
2017-04-03 15:00:00,ZION,41.77
2017-04-03 15:00:00,ZTS,53.175
2017-04-03 16:00:00,AAPL,143.72
2017-04-03 16:00:00,ABBV,65.03
2017-04-03 16:00:00,ADBE,129.59
2017-04-03 16:00:00,ADI,81.24
2017-04-03 16:00:00,AEP,67.15
2017-04-03 16:00:00,AIG,61.79
2017-04-03 16:00:00,ALL,81.31
2017-04-03 16:00:00,AMAT,38.86
2017-04-03 16:00:00,AMC,31.85
2017-04-03 16:00:00,AMD,14.65
2017-04-03 16:00:00,AMGN,163.87
2017-04-03 16:00:00,AMP,129.57
2017-04-03 16:00:00,AMT,121.15
2017-04-03 16:00:00,AMZN,891.61
2017-04-03 16:00:00,APA,51.04
2017-04-03 16:00:00,ARE,110.75
2017-04-03 16:00:00,ASML,132.18
2017-04-03 16:00:00,AVB,183.53
2017-04-03 16:00:00,AVGO,218.96
2017-04-03 16:00:00,AWK,77.14
2017-04-03 16:00:00,AXP,78.59
2017-04-03 16:00:00,BA,176.52
2017-04-03 16:00:00,BAC,23.59
2017-04-03 16:00:00,BB,7.77
2017-04-03 16:00:00,BEN,41.75
2017-04-03 16:00:00,BIIB,272.69
2017-04-03 16:00:00,BK,47.13
2017-04-03 16:00:00,BLK,382.09
2017-04-03 16:00:00,BMY,54.21
2017-04-03 16:00:00,C,59.68
2017-04-03 16:00:00,CAG,40.35
2017-04-03 16:00:00,CAT,92.27
2017-04-03 16:00:00,CB,136.27
2017-04-03 16:00:00,CCI,94.23
2017-04-03 16:00:00,CFG,34.82
2017-04-03 16:00:00,CHD,49.89
2017-04-03 16:00:00,CI,149.39
2017-04-03 16:00:00,CINF,71.58
2017-04-03 16:00:00,CL,73.37
2017-04-03 16:00:00,CLX,134.54
2017-04-03 16:00:00,CMCSA,37.56
2017-04-03 16:00:00,CME,117.5
2017-04-03 16:00:00,CMI,149.72
2017-04-03 16:00:00,COF,85.8
2017-04-03 16:00:00,COP,49.45
2017-04-03 16:00:00,COST,166.7
2017-04-03 16:00:00,CPB,56.89
2017-04-03 16:00:00,CRM,82.31
2017-04-03 16:00:00,CSCO,33.4712
2017-04-03 16:00:00,CSX,46.6
2017-04-03 16:00:00,CTRA,24.01
2017-04-03 16:00:00,CVS,78.05
2017-04-03 16:00:00,CVX,107.8
2017-04-03 16:00:00,D,77.74
2017-04-03 16:00:00,DE,108.78
2017-04-03 16:00:00,DIS,113.2
2017-04-03 16:00:00,DLR,106.19
2017-04-03 16:00:00,DUK,82.25
2017-04-03 16:00:00,DVN,42.03
2017-04-03 16:00:00,ED,77.9
2017-04-03 16:00:00,EMR,59.82
2017-04-03 16:00:00,EOG,96.97
2017-04-03 16:00:00,EQR,62.14
2017-04-03 16:00:00,EQT,60.9
2017-04-03 16:00:00,ESS,230.87
2017-04-03 16:00:00,ETN,74.16
2017-04-03 16:00:00,EWBC,51.49
2017-04-03 16:00:00,FANG,104.08
2017-04-03 16:00:00,FDX,195.36
2017-04-03 16:00:00,FHN,18.39
2017-04-03 16:00:00,FITB,25.29
2017-04-03 16:00:00,GD,187.74
2017-04-03 16:00:00,GE,29.89
2017-04-03 16:00:00,GILD,67.1
2017-04-03 16:00:00,GIS,58.55
2017-04-03 16:00:00,GME,22.0
2017-04-03 16:00:00,GOOGL,856.75
2017-04-03 16:00:00,GS,228.75
2017-04-03 16:00:00,HAL,49.28
2017-04-03 16:00:00,HBAN,13.38
2017-04-03 16:00:00,HIG,48.13
2017-04-03 16:00:00,HON,124.33
2017-04-03 16:00:00,HRL,34.51
2017-04-03 16:00:00,HSY,108.92
2017-04-03 16:00:00,HUM,209.77
2017-04-03 16:00:00,IBM,174.51
2017-04-03 16:00:00,ICE,299.5120929361
2017-04-03 16:00:00,INTC,36.16
2017-04-03 16:00:00,ITW,131.58
2017-04-03 16:00:00,IVZ,30.59
2017-04-03 16:00:00,JNJ,124.69
2017-04-03 16:00:00,JPM,87.53
2017-04-03 16:00:00,KEY,17.73
2017-04-03 16:00:00,KHC,91.06
2017-04-03 16:00:00,KLAC,95.97
2017-04-03 16:00:00,KMB,131.51
2017-04-03 16:00:00,KMI,21.59
2017-04-03 16:00:00,KO,42.42
2017-04-03 16:00:00,LLY,84.45
2017-04-03 16:00:00,LMT,268.68
2017-04-03 16:00:00,LNC,65.23
2017-04-03 16:00:00,LRCX,128.42
2017-04-03 16:00:00,LW,42.0
2017-04-03 16:00:00,MA,112.24
2017-04-03 16:00:00,MAA,101.77
2017-04-03 16:00:00,MARA,0.9
2017-04-03 16:00:00,MCD,129.61
2017-04-03 16:00:00,MCHP,73.21
2017-04-03 16:00:00,MCO,111.9
2017-04-03 16:00:00,MDLZ,43.05
2017-04-03 16:00:00,MET,52.4
2017-04-03 16:00:00,META,142.28
2017-04-03 16:00:00,MKC,98.15
2017-04-03 16:00:00,MMM,190.72
2017-04-03 16:00:00,MO,71.62
2017-04-03 16:00:00,MPC,49.94
2017-04-03 16:00:00,MRK,63.47
2017-04-03 16:00:00,MRVL,15.0
2017-04-03 16:00:00,MS,42.6517
2017-04-03 16:00:00,MSCI,96.76
2017-04-03 16:00:00,MSFT,65.58
2017-04-03 16:00:00,MTB,154.49
2017-04-03 16:00:00,MU,28.65
2017-04-03 16:00:00,NDAQ,68.91
2017-04-03 16:00:00,NEE,128.72
2017-04-03 16:00:00,NFLX,147.1
2017-04-03 16:00:00,NOC,237.81
2017-04-03 16:00:00,NOK,5.35
2017-04-03 16:00:00,NSC,113.5
2017-04-03 16:00:00,NVDA,108.42
2017-04-03 16:00:00,NXPI,104.27
2017-04-03 16:00:00,O,59.71
2017-04-03 16:00:00,ON,15.07
2017-04-03 16:00:00,ORCL,44.61
2017-04-03 16:00:00,OXY,63.74
2017-04-03 16:00:00,PANW,111.02
2017-04-03 16:00:00,PEG,44.26
2017-04-03 16:00:00,PEP,111.86
2017-04-03 16:00:00,PFE,34.17
2017-04-03 16:00:00,PFG,63.09
2017-04-03 16:00:00,PG,89.68
2017-04-03 16:00:00,PH,159.61
2017-04-03 16:00:00,PM,112.91
2017-04-03 16:00:00,PNC,119.84
2017-04-03 16:00:00,PRU,106.44
2017-04-03 16:00:00,PSA,219.31
2017-04-03 16:00:00,PSX,78.29
2017-04-03 16:00:00,PYPL,42.63
2017-04-03 16:00:00,QCOM,56.5
2017-04-03 16:00:00,REGN,383.19
2017-04-03 16:00:00,RF,14.58
2017-04-03 16:00:00,RTX,111.93
2017-04-03 16:00:00,SCHW,40.57
2017-04-03 16:00:00,SHOP,69.23
2017-04-03 16:00:00,SJM,131.08
2017-04-03 16:00:00,SLB,77.7
2017-04-03 16:00:00,SNOW,25.07
2017-04-03 16:00:00,SO,49.96
2017-04-03 16:00:00,SPG,174.06
2017-04-03 16:00:00,SPGI,129.35
2017-04-03 16:00:00,SPLK,61.15
2017-04-03 16:00:00,SQ,17.02
2017-04-03 16:00:00,STM,15.28
2017-04-03 16:00:00,STT,78.82
2017-04-03 16:00:00,SYY,51.69
2017-04-03 16:00:00,T,41.56
2017-04-03 16:00:00,TAP,95.46
2017-04-03 16:00:00,TEAM,29.74
2017-04-03 16:00:00,TFC,44.72
2017-04-03 16:00:00,TROW,68.2
2017-04-03 16:00:00,TRV,120.38
2017-04-03 16:00:00,TSLA,298.55
2017-04-03 16:00:00,TSN,61.98
2017-04-03 16:00:00,TWLO,28.69
2017-04-03 16:00:00,TXN,80.36
2017-04-03 16:00:00,UNH,165.59
2017-04-03 16:00:00,UNP,105.5
2017-04-03 16:00:00,UPS,106.4
2017-04-03 16:00:00,USB,51.55
2017-04-03 16:00:00,V,89.36
2017-04-03 16:00:00,VLO,66.23
2017-04-03 16:00:00,VRTX,107.45
2017-04-03 16:00:00,VTR,65.1
2017-04-03 16:00:00,VZ,49.18
2017-04-03 16:00:00,WAL,48.93
2017-04-03 16:00:00,WEC,60.6
2017-04-03 16:00:00,WELL,71.15
2017-04-03 16:00:00,WFC,55.49
2017-04-03 16:00:00,WM,72.59
2017-04-03 16:00:00,WMB,29.84
2017-04-03 16:00:00,WMT,71.95
2017-04-03 16:00:00,WRB,69.68
2017-04-03 16:00:00,XEL,44.4
2017-04-03 16:00:00,XOM,82.08
2017-04-03 16:00:00,ZION,41.8
2017-04-03 16:00:00,ZTS,53.17
2017-04-03 20:00:00,QQQ,132.3000030518
2017-04-03 20:00:00,SPY,235.3300018311
